=> background
=> Positive
[1139, 2992, 1732, 2657, 2051, 925, 2733, 1074, 2164, 2694, 2738, 2145, 1612, 1736, 2081, 1516, 1457, 2421, 2533, 2352, 1980, 1145, 2445, 2262, 2776, 1923, 2406, 2353, 2871, 2661, 2151, 1351, 1864, 980, 2193, 2726, 1982, 1689, 1977, 2185, 1782, 2029, 1244, 1522, 584, 2710, 2337, 1778, 1502, 2830, 2497, 2339, 2162, 2219, 1949, 1447, 1866, 1238, 2489, 1966, 1053, 1943, 1760, 2597, 2223, 1759, 1988, 1599, 1836, 1835, 1349, 1073, 2578, 1659, 1738, 2582, 1817, 2080, 2680, 1751, 1585, 1559, 1548, 2537, 1519, 1435, 2642, 2203, 2535, 2803, 2910, 2087, 1241, 2462, 1541, 1414, 2669, 1318, 2186, 1555, 2422, 2124, 2717, 2476, 1927, 2077, 2734, 2796, 1149, 2134]
=> Negaive
[2340, 1574, 2279, 1985, 2324, 2723, 2697, 2467, 2333, 2639, 2569, 2791, 1609, 2278, 2502, 1686, 2054, 2483, 2452, 2144, 1626, 2019, 1964, 2040, 1720, 2736, 2009, 2396, 2802, 2459, 2084]
=> skin
=> Positive
[2871, 2503, 2795, 2804, 2962, 1429, 2080, 2011, 2384, 1929, 2637, 2303, 2601, 2952, 985, 1144, 218, 1905, 1881, 1882, 2428, 2797, 2628, 926, 1850, 1793, 2038, 2000, 1166, 1609, 1918, 1347, 854, 562, 1854, 2485, 2144, 2294, 2499, 1694, 1248, 1708, 2311, 1780, 2333, 2592, 2239, 2226, 1831, 1041, 1556, 2588, 1535, 2172, 2020, 2542, 1549, 2625, 2774, 2180, 2279, 2659, 1791, 1759, 2511, 2032, 1832, 2002, 1024, 529, 2512, 2510, 2291, 2077, 1849, 1700, 2091, 1260, 2264, 2387, 1836, 549, 2648, 2651, 1400, 2475, 1220, 2853, 2576, 1657, 2610]
=> Negaive
[2733, 1522, 1086, 1942, 1829, 2482, 2158, 1157, 2165, 1175, 2555, 2174, 2140, 2992, 1516, 1958, 2148, 2803, 1267, 1735, 1922, 2262, 2489, 2317, 1980, 2331, 1105, 1084, 2049, 960, 1981, 2304, 1555, 1725, 1551, 1346, 1983, 2634, 1964, 2673, 2281, 2396, 2741, 1863, 1767, 2498, 2087, 1610, 1363, 923, 1982, 1311, 2794, 1691, 1548, 2809, 2251, 2461, 1606, 1558, 1505, 2781, 2652, 2522, 1686, 1689, 1754, 2343, 2005, 1658, 2339, 1738, 1214, 2366, 2112, 2689, 1623, 2058, 1890, 1932, 1545, 2452, 1242, 2734]
=> nose
=> Positive
[2235, 1313, 1743, 1789, 2247, 2491, 2207]
=> Negaive
[2803, 1735, 2262]
=> eye_g
=> Positive
[1740, 2510, 2324, 1341, 95, 2656, 1618, 1637, 1610, 2208, 837, 1920, 1256]
=> Negaive
[1505, 2902, 1735]
=> eye
=> Positive
[2747, 2729, 1793, 1610]
=> Negaive
[2628, 2174, 1922, 2737, 1144]
=> brow
=> Positive
[2769, 2741, 2451, 2748, 2144, 1063, 2594]
=> Negaive
[2812, 2710, 2962, 1922, 999, 2803]
=> ear
=> Positive
[1936, 2452]
=> Negaive
[]
=> mouth
=> Positive
[1699, 1815, 2175, 2714, 2673]
=> Negaive
[2428, 1144, 1922]
=> u_lip
=> Positive
[2807]
=> Negaive
[2797, 2688, 2817, 2803]
=> l_lip
=> Positive
[2158, 2801, 1849, 1041, 2169]
=> Negaive
[2688, 1656, 2992]
=> hair
=> Positive
[2569, 2220, 1822, 2652, 2126, 2803, 2809, 2154, 2384, 2814, 1713, 2608, 2396, 2194, 2197, 2365, 1661, 2828, 2742, 2797, 1970, 2423, 1558, 2263, 2033, 2341, 2498, 2112, 1881, 2703, 2551, 2679, 2782, 1766, 2450, 2438, 1144, 1922, 2500, 2047, 775, 2911, 2657, 2952, 2853, 1979, 2353, 712, 2399, 2555, 2073, 2063, 2960, 2333, 2822, 1613, 2653, 1351, 996, 2299, 2956, 1666, 1581, 2075, 2428, 2398, 2647, 2750, 2626, 2337, 1282, 2688, 2992, 2159, 2693, 2473, 1332, 1967]
=> Negaive
[1399, 2488, 2734, 1550, 2307, 2620, 1753, 2330, 2095, 1686, 1574, 2352, 2232, 2725, 1973, 2182, 2685, 1830, 1584]
=> hat
=> Positive
[2587, 1677, 2657, 2446, 1988, 1999, 2020, 1952, 1903, 2517, 2112, 2339, 2253, 1318, 544, 1144, 1643, 2048, 1944, 2193, 593, 1557, 73, 2084, 2539]
=> Negaive
[2808, 1634, 2812, 847, 1837, 1738, 2782, 1544, 1963, 1799, 1591, 2688, 1577, 2956, 1686, 2406, 3035]
=> ear_r
=> Positive
[2357, 1998, 2568, 2886, 2015]
=> Negaive
[2803, 2962, 2051, 1922]
=> neck
=> Positive
[2254, 710, 1700, 2683, 2002, 1396, 1696, 1714, 1681, 2795, 1312, 2051, 1087, 2628, 1974, 2256, 2293]
=> Negaive
[1943, 2193]
=> cloth
=> Positive
[1963, 503, 2615, 1450, 2025, 2138, 1071, 1788, 1837, 1830, 1449, 1945, 2341, 1723, 1689, 2476, 382, 1816, 1577, 1591, 248, 2127, 2134, 1890, 1822, 1479, 2694, 1774, 71, 2314, 2286, 727, 2258, 2002, 2657, 448, 2084, 2029, 2363, 2774, 2296, 2607, 223, 964, 1738]
=> Negaive
[2032, 2374, 2795, 1669, 2643, 853, 1923, 2551, 2144]
